{
  "nbformat": 4,
  "nbformat_minor": 0,
  "metadata": {
    "colab": {
      "provenance": [],
      "authorship_tag": "ABX9TyPCTsEhaI4F1LRSH7uvEIl8",
      "include_colab_link": true
    },
    "kernelspec": {
      "name": "python3",
      "display_name": "Python 3"
    },
    "language_info": {
      "name": "python"
    }
  },
  "cells": [
    {
      "cell_type": "markdown",
      "metadata": {
        "id": "view-in-github",
        "colab_type": "text"
      },
      "source": [
        "<a href=\"https://colab.research.google.com/github/Kishan-25065638/data_science_wk1/blob/main/Tutorial3_25065638.ipynb\" target=\"_parent\"><img src=\"https://colab.research.google.com/assets/colab-badge.svg\" alt=\"Open In Colab\"/></a>"
      ]
    },
    {
      "cell_type": "code",
      "execution_count": 53,
      "metadata": {
        "id": "QQuohYBWZFw3"
      },
      "outputs": [],
      "source": [
        "import numpy as np\n",
        "import random as r"
      ]
    },
    {
      "cell_type": "code",
      "source": [
        "#tut-03.1\n",
        "\n",
        "X=np.array([[1,2],[3,4]])\n",
        "print(X)"
      ],
      "metadata": {
        "colab": {
          "base_uri": "https://localhost:8080/"
        },
        "id": "H67zO6uwa4cl",
        "outputId": "7c3d98dc-16d2-4419-9218-2c3777f68d8f"
      },
      "execution_count": 52,
      "outputs": [
        {
          "output_type": "stream",
          "name": "stdout",
          "text": [
            "[[1 2]\n",
            " [3 4]]\n"
          ]
        }
      ]
    },
    {
      "cell_type": "code",
      "source": [
        "#tut-03.2\n",
        "\n",
        "Y=np.random.random((3,4))\n",
        "print(Y)"
      ],
      "metadata": {
        "colab": {
          "base_uri": "https://localhost:8080/"
        },
        "id": "lIjiRiYOaaJ2",
        "outputId": "a6c6b36a-9019-47e2-801b-f51b20038eed"
      },
      "execution_count": 54,
      "outputs": [
        {
          "output_type": "stream",
          "name": "stdout",
          "text": [
            "[[0.19403369 0.35064562 0.91769305 0.96746247]\n",
            " [0.26437021 0.67791435 0.01333554 0.14217066]\n",
            " [0.78056533 0.46504654 0.04677483 0.03190946]]\n"
          ]
        }
      ]
    },
    {
      "cell_type": "code",
      "source": [
        "#tut-03.3\n",
        "\n",
        "A=np.zeros((3,3))\n",
        "B=np.ones((3,3))\n",
        "print(A,\"\\n\",\"\\n\",B)"
      ],
      "metadata": {
        "colab": {
          "base_uri": "https://localhost:8080/"
        },
        "id": "9DegOV5hbTwW",
        "outputId": "38f66d4d-3700-4ee6-d860-5f3d8fc5e1ab"
      },
      "execution_count": 55,
      "outputs": [
        {
          "output_type": "stream",
          "name": "stdout",
          "text": [
            "[[0. 0. 0.]\n",
            " [0. 0. 0.]\n",
            " [0. 0. 0.]] \n",
            " \n",
            " [[1. 1. 1.]\n",
            " [1. 1. 1.]\n",
            " [1. 1. 1.]]\n"
          ]
        }
      ]
    },
    {
      "cell_type": "code",
      "source": [
        "#tut-03.4\n",
        "\n",
        "C=np.random.random((6,3)) #original\n",
        "print(C,\"\\n\",\"\\n\")\n",
        "print(C.T) #transposed"
      ],
      "metadata": {
        "colab": {
          "base_uri": "https://localhost:8080/"
        },
        "id": "99Uq9Wv3cXKQ",
        "outputId": "7deb472d-d992-4b8e-d183-cb9d75d17de0"
      },
      "execution_count": 56,
      "outputs": [
        {
          "output_type": "stream",
          "name": "stdout",
          "text": [
            "[[0.82668017 0.89674467 0.82836702]\n",
            " [0.92678081 0.10545171 0.22248825]\n",
            " [0.93153792 0.55045751 0.45024334]\n",
            " [0.88769991 0.15958086 0.83801463]\n",
            " [0.06523934 0.43791695 0.88348924]\n",
            " [0.89503241 0.29571416 0.00651515]] \n",
            " \n",
            "\n",
            "[[0.82668017 0.92678081 0.93153792 0.88769991 0.06523934 0.89503241]\n",
            " [0.89674467 0.10545171 0.55045751 0.15958086 0.43791695 0.29571416]\n",
            " [0.82836702 0.22248825 0.45024334 0.83801463 0.88348924 0.00651515]]\n"
          ]
        }
      ]
    },
    {
      "cell_type": "code",
      "source": [
        "#tut-03.5\n",
        "\n",
        "n=int(r.randint(1,10))\n",
        "p=int(r.randint(1,10))\n",
        "m=int(r.randint(1,10))\n",
        "\n",
        "D=np.random.random((n,p))\n",
        "E=np.random.random((p,m))\n",
        "F=np.dot(D,E)\n",
        "\n",
        "print(D,\"\\n\",\"\\n\",\"\\n\",E,\"\\n\",\"\\n\",\"\\n\",)\n",
        "print(\"Dot Product: \",\"\\n\",\"\\n\",\"\\n\", F)\n"
      ],
      "metadata": {
        "colab": {
          "base_uri": "https://localhost:8080/"
        },
        "id": "hL26WtkZc71j",
        "outputId": "5ff8882c-9d29-4f94-fdb1-7a78ffde55e0"
      },
      "execution_count": 57,
      "outputs": [
        {
          "output_type": "stream",
          "name": "stdout",
          "text": [
            "[[0.39633431 0.56341309 0.14318431 0.83704148]\n",
            " [0.46182616 0.52408917 0.39751133 0.10797719]\n",
            " [0.89994812 0.90098044 0.96370385 0.64741847]\n",
            " [0.5786048  0.32408298 0.41862155 0.70929315]\n",
            " [0.54430317 0.07266798 0.8690702  0.36320047]\n",
            " [0.93202249 0.07636247 0.05563956 0.91027289]] \n",
            " \n",
            " \n",
            " [[0.93893769]\n",
            " [0.78037748]\n",
            " [0.83078341]\n",
            " [0.22664991]] \n",
            " \n",
            " \n",
            "\n",
            "Dot Product:  \n",
            " \n",
            " \n",
            " [[1.12047863]\n",
            " [1.19733221]\n",
            " [2.49546657]\n",
            " [1.30472598]\n",
            " [1.37210368]\n",
            " [1.18724029]]\n"
          ]
        }
      ]
    }
  ]
}